-36.0,-64.0,-71.0,-81.0,-71.0,1
-40.0,-68.0,-73.0,-78.0,-73.0,1
-34.0,-62.0,-69.0,-78.0,-74.0,1
-35.0,-71.0,-73.0,-80.0,-72.0,1
-35.0,-72.0,-72.0,-71.0,-73.0,1
-36.0,-70.0,-73.0,-71.0,-76.0,1
-36.0,-70.0,-77.0,-81.0,-68.0,1
-36.0,-67.0,-69.0,-84.0,-72.0,1
-52.0,-71.0,-70.0,-78.0,-78.0,1
-56.0,-69.0,-73.0,-77.0,-74.0,1
-56.0,-69.0,-71.0,-77.0,-71.0,1
-61.0,-70.0,-69.0,-77.0,-71.0,1
-54.0,-70.0,-67.0,-85.0,-68.0,1
-51.0,-70.0,-65.0,-85.0,-68.0,1
-55.0,-68.0,-65.0,-81.0,-69.0,1
-53.0,-65.0,-69.0,-74.0,-71.0,1
-53.0,-65.0,-69.0,-74.0,-71.0,1
-44.0,-61.0,-69.0,-77.0,-70.0,1
-47.0,-61.0,-72.0,-74.0,-69.0,1
-48.0,-62.0,-72.0,-73.0,-73.0,1
-49.0,-61.0,-72.0,-72.0,-69.0,1
-48.0,-59.0,-68.0,-80.0,-67.0,1
-46.0,-59.0,-66.0,-80.0,-67.0,1
-42.0,-69.0,-66.0,-74.0,-65.0,1
-45.0,-69.0,-66.0,-73.0,-64.0,1
-43.0,-68.0,-67.0,-78.0,-64.0,1
-50.0,-60.0,-68.0,-69.0,-62.0,2
-46.0,-59.0,-66.0,-68.0,-62.0,2
-57.0,-59.0,-66.0,-64.0,-58.0,2
-57.0,-57.0,-69.0,-66.0,-60.0,2
-58.0,-69.0,-70.0,-80.0,-57.0,2
-58.0,-68.0,-71.0,-72.0,-58.0,2
-52.0,-60.0,-73.0,-75.0,-58.0,2
-52.0,-57.0,-69.0,-71.0,-60.0,2
-51.0,-57.0,-73.0,-71.0,-57.0,2
-59.0,-62.0,-70.0,-74.0,-56.0,2
-65.0,-65.0,-66.0,-66.0,-59.0,2
-51.0,-63.0,-70.0,-66.0,-61.0,2
-49.0,-67.0,-73.0,-65.0,-61.0,2
-47.0,-67.0,-73.0,-64.0,-60.0,2
-54.0,-63.0,-70.0,-66.0,-66.0,2
-49.0,-57.0,-65.0,-65.0,-58.0,3
-57.0,-57.0,-65.0,-61.0,-56.0,3
-57.0,-56.0,-65.0,-59.0,-52.0,3
-66.0,-52.0,-60.0,-62.0,-57.0,3
-59.0,-48.0,-60.0,-60.0,-60.0,3
-60.0,-52.0,-64.0,-72.0,-56.0,3
-52.0,-55.0,-62.0,-65.0,-51.0,3
-55.0,-51.0,-59.0,-61.0,-50.0,3
-59.0,-47.0,-67.0,-66.0,-47.0,3
-63.0,-47.0,-63.0,-65.0,-48.0,3
-57.0,-54.0,-59.0,-61.0,-55.0,3
-58.0,-47.0,-58.0,-61.0,-55.0,3
-57.0,-49.0,-66.0,-66.0,-54.0,3
-57.0,-51.0,-69.0,-63.0,-56.0,3
-62.0,-53.0,-64.0,-66.0,-57.0,3
-62.0,-46.0,-67.0,-60.0,-65.0,3
-66.0,-45.0,-57.0,-58.0,-64.0,3
-73.0,-64.0,-48.0,-41.0,-71.0,4
-76.0,-71.0,-52.0,-50.0,-70.0,4
-76.0,-68.0,-60.0,-41.0,-78.0,4
-76.0,-71.0,-56.0,-49.0,-76.0,4
-72.0,-69.0,-59.0,-45.0,-84.0,4
-80.0,-67.0,-63.0,-45.0,-74.0,4
-73.0,-75.0,-63.0,-35.0,-72.0,4
-76.0,-67.0,-51.0,-36.0,-73.0,4
-71.0,-67.0,-49.0,-38.0,-75.0,4
-74.0,-65.0,-49.0,-38.0,-73.0,4
-70.0,-65.0,-48.0,-38.0,-76.0,4
-67.0,-66.0,-38.0,-57.0,-79.0,5
-75.0,-62.0,-38.0,-56.0,-79.0,5
-73.0,-54.0,-34.0,-60.0,-71.0,5
-72.0,-61.0,-33.0,-60.0,-74.0,5
-73.0,-62.0,-29.0,-62.0,-78.0,5
-77.0,-62.0,-35.0,-56.0,-74.0,5
-77.0,-62.0,-42.0,-54.0,-77.0,5
-76.0,-66.0,-52.0,-53.0,-79.0,5
-72.0,-70.0,-52.0,-56.0,-75.0,5
-78.0,-66.0,-47.0,-52.0,-75.0,5
-78.0,-74.0,-47.0,-56.0,-75.0,5
-74.0,-66.0,-36.0,-60.0,-81.0,5
-82.0,-66.0,-44.0,-62.0,-75.0,5
-73.0,-58.0,-40.0,-59.0,-72.0,5
-73.0,-65.0,-44.0,-55.0,-74.0,5
-71.0,-61.0,-38.0,-64.0,-78.0,5
-75.0,-58.0,-36.0,-56.0,-82.0,5
-72.0,-59.0,-39.0,-52.0,-82.0,5
-72.0,-68.0,-43.0,-56.0,-79.0,5
-75.0,-71.0,-46.0,-49.0,-78.0,5
-83.0,-71.0,-49.0,-44.0,-78.0,6
-78.0,-73.0,-54.0,-57.0,-81.0,6
-79.0,-70.0,-52.0,-46.0,-79.0,6
-84.0,-76.0,-60.0,-52.0,-79.0,6
-76.0,-79.0,-67.0,-44.0,-80.0,6
-76.0,-79.0,-62.0,-43.0,-81.0,6
-78.0,-82.0,-58.0,-43.0,-84.0,6
-76.0,-78.0,-54.0,-48.0,-79.0,6
-80.0,-78.0,-54.0,-44.0,-79.0,6
-84.0,-75.0,-60.0,-43.0,-79.0,6
-84.0,-71.0,-54.0,-43.0,-78.0,6
-81.0,-69.0,-53.0,-47.0,-75.0,6
-77.0,-63.0,-53.0,-42.0,-79.0,6
-74.0,-61.0,-53.0,-41.0,-77.0,6
-75.0,-61.0,-52.0,-41.0,-79.0,6
-72.0,-65.0,-61.0,-42.0,-76.0,6
-82.0,-71.0,-57.0,-44.0,-81.0,6
